   6.0000000e+01
   1.1100000e+02
   1.0200000e+02
   9.1000000e+01
   8.6000000e+01
   9.8000000e+01
   9.7000000e+01
   9.7000000e+01
   8.7000000e+01
   9.7000000e+01
   9.7000000e+01
   9.5000000e+01
   9.4000000e+01
   1.0300000e+02
   9.7000000e+01
   5.9000000e+01
   9.0000000e+01
   8.8000000e+01
   9.3000000e+01
   9.5000000e+01
   9.9000000e+01
   1.0000000e+02
   9.1000000e+01
   9.8000000e+01
   5.9000000e+01
   9.1000000e+01
   1.0300000e+02
   1.0100000e+02
   9.9000000e+01
   9.5000000e+01
   9.3000000e+01
   1.0000000e+02
   9.1000000e+01
   9.4000000e+01
   8.7000000e+01
   9.6000000e+01
   9.2000000e+01
   9.1000000e+01
   1.0000000e+02
   1.0400000e+02
   9.1000000e+01
   9.9000000e+01
   9.9000000e+01
   9.9000000e+01
   9.1000000e+01
   8.8000000e+01
   8.7000000e+01
   9.4000000e+01
   8.4000000e+01
   9.2000000e+01
   1.0300000e+02
   1.0200000e+02
   9.3000000e+01
   9.5000000e+01
   8.5000000e+01
   9.8000000e+01
   9.2000000e+01
   8.8000000e+01
   9.5000000e+01
   8.9000000e+01
   1.0500000e+02
   9.8000000e+01
   6.6000000e+01
   8.9000000e+01
   9.9000000e+01
   1.0200000e+02
   1.0100000e+02
   8.3000000e+01
   9.5000000e+01
   9.2000000e+01
   9.4000000e+01
   9.8000000e+01
   9.2000000e+01
   9.5000000e+01
   9.2000000e+01
   1.1300000e+02
   9.0000000e+01
   8.6000000e+01
   9.6000000e+01
   7.6000000e+01
   9.3000000e+01
   1.1200000e+02
   9.0000000e+01
   9.0000000e+01
   1.0200000e+02
   9.4000000e+01
   9.5000000e+01
   9.5000000e+01
   9.2000000e+01
   9.3000000e+01
   8.8000000e+01
   1.0500000e+02
   8.5000000e+01
   9.9000000e+01
   9.7000000e+01
   1.1300000e+02
   9.2000000e+01
   9.8000000e+01
   9.2000000e+01
   9.3000000e+01
   8.7000000e+01
   9.5000000e+01
   9.7000000e+01
   9.0000000e+01
   9.6000000e+01
   9.4000000e+01
   9.5000000e+01
   9.2000000e+01
   9.7000000e+01
   9.6000000e+01
   9.2000000e+01
   9.1000000e+01
   8.9000000e+01
   1.1500000e+02
   9.0000000e+01
   9.8000000e+01
   8.4000000e+01
   9.4000000e+01
   9.6000000e+01
   9.1000000e+01
   9.0000000e+01
   9.7000000e+01
   9.3000000e+01
   8.6000000e+01
   9.7000000e+01
   8.5000000e+01
   9.5000000e+01
   6.3000000e+01
   1.1600000e+02
   9.0000000e+01
   9.3000000e+01
   9.7000000e+01
   9.5000000e+01
   9.6000000e+01
   9.6000000e+01
   9.4000000e+01
   9.1000000e+01
   8.8000000e+01
   9.0000000e+01
   9.3000000e+01
   6.3000000e+01
   1.0600000e+02
   7.0000000e+01
   8.9000000e+01
   9.8000000e+01
   1.0000000e+02
   9.7000000e+01
   8.9000000e+01
   1.0600000e+02
   9.2000000e+01
   1.1000000e+02
   9.4000000e+01
   9.2000000e+01
   8.5000000e+01
   9.9000000e+01
   7.4000000e+01
   8.9000000e+01
   1.0200000e+02
   8.7000000e+01
   1.0000000e+02
   9.7000000e+01
   9.6000000e+01
   8.6000000e+01
   1.0300000e+02
   8.1000000e+01
   1.0600000e+02
   9.5000000e+01
   8.9000000e+01
   1.0000000e+02
   9.1000000e+01
   1.0000000e+02
   9.9000000e+01
   9.9000000e+01
   7.0000000e+01
   9.5000000e+01
   9.2000000e+01
   9.8000000e+01
   8.1000000e+01
   9.9000000e+01
   8.3000000e+01
   9.5000000e+01
   9.1000000e+01
   8.7000000e+01
   1.0200000e+02
   8.7000000e+01
   1.0000000e+02
   8.2000000e+01
   9.6000000e+01
   9.7000000e+01
   8.6000000e+01
   9.3000000e+01
   9.2000000e+01
   1.0900000e+02
   9.5000000e+01
   8.9000000e+01
   1.1100000e+02
   8.7000000e+01
   1.1300000e+02
   9.8000000e+01
   8.5000000e+01
   1.1000000e+02
   9.1000000e+01
   9.8000000e+01
   1.0300000e+02
   9.0000000e+01
   9.8000000e+01
   9.6000000e+01
   9.7000000e+01
   9.4000000e+01
   9.6000000e+01
   1.0500000e+02
   9.5000000e+01
   9.4000000e+01
   1.0100000e+02
   8.8000000e+01
   9.2000000e+01
   9.6000000e+01
   9.7000000e+01
   9.2000000e+01
   5.8000000e+01
   1.0600000e+02
   1.0800000e+02
   9.5000000e+01
   9.5000000e+01
   9.5000000e+01
   9.0000000e+01
   9.1000000e+01
   9.7000000e+01
   9.2000000e+01
   9.0000000e+01
   9.3000000e+01
   9.4000000e+01
   6.8000000e+01
   1.0000000e+02
   9.5000000e+01
   9.4000000e+01
   1.0100000e+02
   5.7000000e+01
   9.7000000e+01
   8.7000000e+01
   1.0300000e+02
   9.7000000e+01
   8.8000000e+01
   9.4000000e+01
   9.7000000e+01
   8.7000000e+01
   1.0100000e+02
   9.9000000e+01
   8.5000000e+01
   9.7000000e+01
   9.6000000e+01
   9.3000000e+01
   9.6000000e+01
   8.9000000e+01
   6.6000000e+01
   1.0600000e+02
   9.5000000e+01
   9.1000000e+01
   9.1000000e+01
   8.8000000e+01
   9.6000000e+01
   1.0100000e+02
   8.9000000e+01
   1.0100000e+02
   8.4000000e+01
   9.9000000e+01
   9.8000000e+01
   8.5000000e+01
   6.3000000e+01
   9.3000000e+01
   1.0300000e+02
   9.2000000e+01
   8.8000000e+01
   9.5000000e+01
   9.1000000e+01
   6.4000000e+01
   1.0000000e+02
   9.4000000e+01
   9.6000000e+01
   8.6000000e+01
   9.2000000e+01
   9.4000000e+01
   9.0000000e+01
   8.8000000e+01
   9.3000000e+01
   9.5000000e+01
   9.2000000e+01
   9.5000000e+01
   8.6000000e+01
   1.0100000e+02
   1.0400000e+02
   9.4000000e+01
   9.7000000e+01
   9.3000000e+01
   1.0800000e+02
   8.4000000e+01
   9.6000000e+01
   9.3000000e+01
   1.0100000e+02
   8.6000000e+01
   9.1000000e+01
   9.0000000e+01
   9.1000000e+01
   9.6000000e+01
   9.7000000e+01
   9.6000000e+01
   6.9000000e+01
   1.0000000e+02
   9.5000000e+01
   9.2000000e+01
   1.0200000e+02
   9.2000000e+01
   8.8000000e+01
   1.0500000e+02
   9.3000000e+01
   9.6000000e+01
   9.0000000e+01
   9.6000000e+01
   1.0400000e+02
   7.8000000e+01
   1.0900000e+02
   8.9000000e+01
   9.8000000e+01
   8.4000000e+01
   9.5000000e+01
   9.3000000e+01
   7.3000000e+01
   9.5000000e+01
   9.3000000e+01
   9.3000000e+01
   9.7000000e+01
   9.8000000e+01
   9.8000000e+01
   9.7000000e+01
   9.4000000e+01
   9.3000000e+01
   7.5000000e+01
   9.7000000e+01
   9.7000000e+01
   1.0200000e+02
   9.8000000e+01
   1.0000000e+02
   1.0100000e+02
   8.8000000e+01
   9.4000000e+01
   1.1900000e+02
   9.1000000e+01
   1.0100000e+02
   1.0300000e+02
   8.9000000e+01
   9.7300000e+01
   9.1000000e+01
   9.2000000e+01
   1.0400000e+02
   9.7000000e+01
   9.2000000e+01
   7.1000000e+01
   1.0100000e+02
   8.4000000e+01
   9.5000000e+01
   9.4000000e+01
   9.1000000e+01
   9.3000000e+01
   9.5000000e+01
   9.2000000e+01
   9.8000000e+01
   9.0000000e+01
   9.1000000e+01
   1.0400000e+02
   8.7000000e+01
   1.0100000e+02
   9.2000000e+01
   1.0000000e+02
   9.1000000e+01
   9.6000000e+01
   1.0600000e+02
   8.8000000e+01
   1.1200000e+02
   8.0000000e+01
   9.1000000e+01
   8.9000000e+01
   1.0800000e+02
   9.7000000e+01
   1.0300000e+02
   8.8000000e+01
   9.3000000e+01
   9.2000000e+01
   1.0300000e+02
   8.3000000e+01
   1.0900000e+02
   8.2000000e+01
   9.5000000e+01
   8.7000000e+01
   9.6000000e+01
   7.0000000e+01
   1.0800000e+02
   9.1000000e+01
   9.7000000e+01
   1.0700000e+02
   9.9000000e+01
   1.0100000e+02
   1.0000000e+02
   9.7000000e+01
   9.4000000e+01
   8.2000000e+01
   1.0200000e+02
   9.6000000e+01
   1.0400000e+02
   6.9000000e+01
   9.7000000e+01
   8.9000000e+01
   6.3000000e+01
   1.1000000e+02
   6.2000000e+01
   8.7000000e+01
   9.3000000e+01
   9.4000000e+01
   1.0900000e+02
   9.1000000e+01
   9.7000000e+01
   8.7000000e+01
   9.4000000e+01
   8.5000000e+01
   1.0000000e+02
   8.6000000e+01
   9.4000000e+01
   9.9000000e+01
   1.0000000e+02
   8.7000000e+01
   1.0300000e+02
   6.4000000e+01
   9.9000000e+01
   9.3000000e+01
   1.0000000e+02
   9.5000000e+01
   9.1000000e+01
   9.4000000e+01
   9.6000000e+01
   8.4000000e+01
   9.0000000e+01
   9.7000000e+01
   8.4000000e+01
   9.9000000e+01
   9.9000000e+01
   9.7000000e+01
   8.4000000e+01
   9.3000000e+01
   8.7000000e+01
   1.0200000e+02
   9.5000000e+01
   9.3000000e+01
   8.6000000e+01
   1.0200000e+02
   9.5000000e+01
   9.3000000e+01
   9.2000000e+01
   9.9000000e+01
   9.2000000e+01
   9.3000000e+01
   8.6000000e+01
   1.0700000e+02
   8.7000000e+01
   9.5000000e+01
   1.0300000e+02
   8.2000000e+01
   9.9000000e+01
   9.8000000e+01
   9.5000000e+01
   9.5000000e+01
   8.9000000e+01
   1.0200000e+02
   9.3000000e+01
   1.0500000e+02
   8.2000000e+01
   1.0400000e+02
   9.6000000e+01
   9.8000000e+01
   1.0600000e+02
   8.5000000e+01
   9.3000000e+01
   9.8000000e+01
   9.8000000e+01
   8.7000000e+01
   9.0000000e+01
   8.8000000e+01
   9.2000000e+01
   1.0500000e+02
   7.7000000e+01
   9.6000000e+01
   9.8000000e+01
   9.0000000e+01
   8.8000000e+01
   1.0300000e+02
   9.1000000e+01
   8.6000000e+01
   9.2000000e+01
   1.0500000e+02
   9.1000000e+01
   9.5000000e+01
   9.1000000e+01
